程序内涵：Bad Apple，碎月，千与千寻，Astronomia 音乐简谱。

注意事项：
1.Beep（）函数声音后面会带有振膜的噪音，目前无法解决
2.进入程序出现音画不同步需要人工开启音响（即音乐播放器随便播放一首歌即可）
3.程序对电脑产生影响未知，请谨慎使用。
4.请在结尾带上END才能停止输入。
5.关于速度问题，可以自己去原函数调整quarter_time变量即1/4拍子持续时间，默认300毫秒，官方400毫秒;目前内可识别1/8拍，1/16拍，1/2拍，详细见程序

乐谱区域：

				  C语言简谱
				【Bad Apple】	
|6 7 1' 2' 3'  6' 5' |3'  6  3' 2' 1' 7 |6 7' 1' 2' 3'  2' 1' ||||7 6 7 1' 7 6 5 7 ||||||||||
|6 7 1' 2' 3'  6' 5' |3'  6  3' 2' 1' 7 |6 7' 1' 2' 3'  2' 1' ||||7  1'  2'  3'  ||||||||||||
|6. 7. 1 2 3  6 5 ||||3  6.  3 2 1 7. |||6. 7. 1 2 3  2 1 ||||7. 6. 7. 1 7. 6. 5. 7. ||||||||
|6. 7. 1 2 3  6 5 ||||3  6.  3 2 1 7. |||6. 7. 1 2 3  2 1 ||||7.  1  2  3  ||||||||||||||||||
|5 6 3 2 3  2 3 ||||||5 6 3 2 3  2 3 ||||2 1 7. 5. 6.  5. 6. |7. 1 2 3 6.  3 5 ||||||||||||||
|5 6 3 2 3  2 3 ||||||5 6 3 2 3  6 7 ||||1' 7 6 5 3  2 3 |||||2 1 7. 5. 6.  3' 5' |||||||||||
|5' 6' 3' 2' 3'  2' 3' ||5' 6' 3' 2' 3'  2' 3' ||2' 1' 7 5 6  5 6 |7 1' 2' 3' 6  3 5 ||||||||
|5 6 3 2 3  2 3 |||||||||5 6 3 2 3  6 7 ||1' 7 6 5 3  2 3 |||||2 1 7. 5. 6.  3 5  |||||||||||
		      		  【{碎月}】
|3. 5. 6. 1 2  1 2 3  |1 6. 5. 3. 1 2 6.  ||6. 1 2  1 2 3  5 6 1' |||||||||||||||||||||||||||
|7 67 6 5 6  |||5 3 2  3 1 2  1 2 3  6. 12 1 6.  6. 5. 6. 6 1  3 2  5 6  ||||||||||||||||||||
|3. 5. 5 6 3 2 3  |1 2 7. 1 7. 5. 6.   ||3. 5. 6. 1 2 1 2  2 1 2 1 2 5 3  |||||||||||||||||||
|3 5  6  5 6 3  3 1 23 21 6.  |6. 5. 6.  5. 6. 1 2 1 5 6   ||||||||||||||||||||||||||||||||||
		   	 	【{千与千寻}】
|1  5  3'  |||||1  5  3'  |||1  5  3'  |||1  5   1 2||3 1 5   3  |||2  5  2  |||1 6. 3   1 ||
|7.  0 1 7. ||||6.  7.  1 2 |5.  1  2 3 ||4  43 21 |||2    1 2 |||||3 1 5  3  ||2  5  2  ||||
|1 6. 6.  7. 1 |5. 0 0 5. |||6.  7.  1 2 |5.  1  2 3 |4  4 3 2 1 |||1  0 0 3 4 ||5  5  5  |||
|5  5 6 5 4 ||||3  3  3   |||3 3 4 3 2 |||1  1  1 7. |6. 0 7.  7. 1|2  2 3 2 3 |2   3 4 |||||
|5  5  5  |5  5 6 5 4 |3  3  3   |3 4 3 2 1 7. |6. 0 6. 7. 1 2 |5.  1  2 3 |2   2 2  1 1   ||
				【{Astronomia}】
|4 4 4 4 6 6 6 6 |5 5 5 5 1' 1' 1' 1' |2' 2' 2' 2' 2' 2' 2' 2' |5 4 3 1 2 0 2 6 |||||||||||||
|5 0 4 0 3 0 3 3 |5 0 4 3 2 0 2 3' ||||2' 3' 2' 3' 2 0 2 3' ||||2' 3' 2' 3' 2 0 2 6 |||||||||
|5 0 4 0 3 0 3 3 |5 0 4 3 2 0 2 3' ||||2' 3' 2' 3' 2 0 2 3' ||||2' 3' 2' 3' 4 4 4 4 |||||||||
|6 6 6 6 5 5 5 5 |1' 1' 1' 1' 2' 2' 2' 2' |2' 2' 2' 2' 5 4 3 1 |2 0 2 6 5 0 4 0 |||||||||||||
|3 0 3 3 5 0 4 3 |2 0 2 3' 2' 3' 2' 3' |2 0 2 3' 2' 3' 2' 3' |||2 0 2 6 5 0 4 0 |||||||||||||
|3 0 3 3 5 0 4 3 |2 0 2 3' 2' 3' 2' 3' |2 0 2 3' 2' 3' 2' 3' |||0  0  0  0  |||||||||||||||||
END

